2J1VA_decoy7_89.pdb 0.6584 0.5524 0.5691 0.3848
2J1VA_decoy43_53.pdb 0.4989 0.3226 0.3883 0.2110
2J1VA_decoy54_103.pdb 0.3144 0.1624 0.2411 0.1152
2J1VA_decoy7_98.pdb 0.5552 0.4746 0.4894 0.3440
2J1VA_decoy61_15.pdb 0.2933 0.1129 0.2021 0.0887
2J1VA_decoy17_116.pdb 0.6658 0.5590 0.5674 0.3794
2J1VA_decoy34_64.pdb 0.5707 0.3543 0.4539 0.2394
2J1VA_decoy1_22.pdb 0.9580 0.9359 0.9397 0.8333
2J1VA_decoy55_84.pdb 0.3466 0.1706 0.2518 0.1241
2J1VA_decoy38_102.pdb 0.3185 0.1453 0.2500 0.1099
2J1VA_decoy37_98.pdb 0.5045 0.3558 0.4078 0.2358
2J1VA_decoy7_78.pdb 0.6195 0.5009 0.5337 0.3635
2J1VA_decoy11_150.pdb 0.6361 0.5041 0.5301 0.3280
2J1VA_decoy25_27.pdb 0.5381 0.3692 0.4397 0.2535
2J1VA_decoy61_2.pdb 0.3267 0.1321 0.2535 0.1082
2J1VA_decoy34_88.pdb 0.5773 0.3851 0.4681 0.2571
2J1VA_decoy20_113.pdb 0.6347 0.5084 0.5390 0.3511
2J1VA_decoy1_19.pdb 0.9580 0.9290 0.9450 0.8546
2J1VA_decoy4_155.pdb 0.7203 0.6031 0.6773 0.4947
2J1VA_decoy7_69.pdb 0.6332 0.5231 0.5514 0.3688
2J1VA_decoy1_24.pdb 0.9567 0.9255 0.9450 0.8564
2J1VA_decoy7_22.pdb 0.6440 0.5356 0.5656 0.3812
2J1VA_decoy1_54.pdb 0.9412 0.9095 0.9255 0.8351
2J1VA_decoy1_8.pdb 0.9673 0.9494 0.9574 0.8617
2J1VA_decoy20_64.pdb 0.6728 0.5142 0.5780 0.3670
2J1VA_decoy1_1.pdb 0.9722 0.9549 0.9699 0.8883
2J1VA_decoy1_2.pdb 0.9658 0.9440 0.9610 0.8848
2J1VA_decoy2_27.pdb 0.9151 0.8680 0.8830 0.7730
2J1VA_decoy7_83.pdb 0.6146 0.5060 0.5372 0.3635
2J1VA_decoy20_102.pdb 0.6362 0.5052 0.5496 0.3546
2J1VA_decoy11_126.pdb 0.6655 0.5304 0.5621 0.3582
2J1VA_decoy7_80.pdb 0.6533 0.5322 0.5638 0.3848
2J1VA_decoy20_3.pdb 0.7202 0.5850 0.6277 0.4043
2J1VA_decoy63_55.pdb 0.2719 0.1115 0.2039 0.0940
2J1VA_decoy11_121.pdb 0.6642 0.5176 0.5550 0.3422
